world: 75db9244-1c1a-4310-8e4d-c04f5afdaec6
world-name: Tierra
x: 2405.166047845785
y: 80.0
z: -6051.393003571489
yaw: -3.34844970703125
pitch: -3.7508151531219482
name: Africa
lastowner: f0c8c180-7e01-4c4a-9c3e-6cb0511c56ba
