world: 75db9244-1c1a-4310-8e4d-c04f5afdaec6
world-name: Earth
x: -1822.1212882699574
y: 65.0
z: -7601.1388285836065
yaw: 56.189453125
pitch: 7.048234462738037
name: alessito
lastowner: f0c8c180-7e01-4c4a-9c3e-6cb0511c56ba
