world: 75db9244-1c1a-4310-8e4d-c04f5afdaec6
world-name: Tierra
x: 29582.71066272679
y: 6.0
z: -8879.576558027153
yaw: 90.18328857421875
pitch: -19.350194931030273
name: Army
lastowner: f0c8c180-7e01-4c4a-9c3e-6cb0511c56ba
