world: 75db9244-1c1a-4310-8e4d-c04f5afdaec6
world-name: Earth
x: -26979.98016039631
y: -51.0
z: -7141.107668124223
yaw: -171.75665283203125
pitch: 4.349740505218506
name: BikiniBottom
lastowner: f0c8c180-7e01-4c4a-9c3e-6cb0511c56ba
