world: 75db9244-1c1a-4310-8e4d-c04f5afdaec6
world-name: Tierra
x: 29639.06986983253
y: 6.0
z: -8669.710756514398
yaw: -91.31298828125
pitch: -15.300178527832031
name: CapsuleCorp
lastowner: f0c8c180-7e01-4c4a-9c3e-6cb0511c56ba
