world: 75db9244-1c1a-4310-8e4d-c04f5afdaec6
world-name: Earth
x: -1316.2198209125768
y: 63.0
z: -7523.544638695577
yaw: -95.12246704101562
pitch: -7.1999101638793945
name: Chiringuito
lastowner: b892bfc8-47ca-3b72-bd10-1892db3dedc8
