world: 75db9244-1c1a-4310-8e4d-c04f5afdaec6
world-name: Earth
x: 29452.371365112238
y: 6.0
z: -8689.54054336457
yaw: 90.63709259033203
pitch: -19.200864791870117
name: DragonBall
lastowner: f0c8c180-7e01-4c4a-9c3e-6cb0511c56ba
