world: 75db9244-1c1a-4310-8e4d-c04f5afdaec6
world-name: Tierra
x: -1130.2718886067532
y: 90.0
z: -8266.311938787494
yaw: 6.87701416015625
pitch: 4.649887561798096
name: España
lastowner: b892bfc8-47ca-3b72-bd10-1892db3dedc8
