world: 75db9244-1c1a-4310-8e4d-c04f5afdaec6
world-name: Earth
x: 459.50980518351633
y: 68.0
z: -9780.182013452923
yaw: -1.6627197265625
pitch: -40.499900817871094
name: Francia
lastowner: b892bfc8-47ca-3b72-bd10-1892db3dedc8
