world: 75db9244-1c1a-4310-8e4d-c04f5afdaec6
world-name: Earth
x: 459.5
y: 68.0
z: -9780.5
yaw: -0.16271807253360748
pitch: 8.70013427734375
name: France
lastowner: f0c8c180-7e01-4c4a-9c3e-6cb0511c56ba
