world: 75db9244-1c1a-4310-8e4d-c04f5afdaec6
world-name: Tierra
x: -7626.861534983834
y: 151.0
z: -14869.67376904203
yaw: -90.5140380859375
pitch: -4.8016486167907715
name: Greenland
lastowner: f0c8c180-7e01-4c4a-9c3e-6cb0511c56ba
