world: 75db9244-1c1a-4310-8e4d-c04f5afdaec6
world-name: Earth
x: 2891.800823398
y: 65.0
z: -8665.309592788946
yaw: -173.5458984375
pitch: 2.099842071533203
name: hugossans
lastowner: f0c8c180-7e01-4c4a-9c3e-6cb0511c56ba
