world: 75db9244-1c1a-4310-8e4d-c04f5afdaec6
world-name: Earth
x: 271.4731553809764
y: 63.0
z: -7988.578470529838
yaw: -5.236785888671875
pitch: -0.7506988048553467
name: Ibiza
lastowner: b892bfc8-47ca-3b72-bd10-1892db3dedc8
