world: 75db9244-1c1a-4310-8e4d-c04f5afdaec6
world-name: Tierra
x: 28651.219632584158
y: 68.0
z: -7446.250185176396
yaw: 2.897064208984375
pitch: 14.399776458740234
name: Ignisus
lastowner: 3d39bc34-4d98-37c2-8ce1-e874d12cc51d
