world: 75db9244-1c1a-4310-8e4d-c04f5afdaec6
world-name: Tierra
x: -348.5
y: 64.0
z: -10831.5
yaw: 87.62133026123047
pitch: 8.099811553955078
name: Inglaterra
lastowner: b892bfc8-47ca-3b72-bd10-1892db3dedc8
