world: 75db9244-1c1a-4310-8e4d-c04f5afdaec6
world-name: Tierra
x: 3029.5
y: 63.0
z: -7501.5
yaw: -179.53924560546875
pitch: 2.549895763397217
name: Italy
lastowner: f0c8c180-7e01-4c4a-9c3e-6cb0511c56ba
