world: 75db9244-1c1a-4310-8e4d-c04f5afdaec6
world-name: Earth
x: 28039.52250755251
y: 65.0
z: -7480.271552085947
yaw: -151.15701293945312
pitch: 3.899308204650879
name: Japan
lastowner: f0c8c180-7e01-4c4a-9c3e-6cb0511c56ba
