world: 75db9244-1c1a-4310-8e4d-c04f5afdaec6
world-name: Earth
x: 29303.258515493733
y: 6.0
z: -8779.433976438517
yaw: 88.83908081054688
pitch: -15.150135040283203
name: Jobs
lastowner: f0c8c180-7e01-4c4a-9c3e-6cb0511c56ba
