world: 75db9244-1c1a-4310-8e4d-c04f5afdaec6
world-name: Earth
x: 29066.53482113207
y: 8.0
z: -8583.780607044984
yaw: -177.9958038330078
pitch: -10.500312805175781
name: KameHouse
lastowner: f0c8c180-7e01-4c4a-9c3e-6cb0511c56ba
