world: 75db9244-1c1a-4310-8e4d-c04f5afdaec6
world-name: Tierra
x: -27277.54944940983
y: -51.0
z: -6730.85307779855
yaw: -7.2110595703125
pitch: 5.9995222091674805
name: Krusty
lastowner: f0c8c180-7e01-4c4a-9c3e-6cb0511c56ba
