world: 75db9244-1c1a-4310-8e4d-c04f5afdaec6
world-name: Tierra
x: -10858.00868635233
y: 73.0
z: 3116.148841112351
yaw: 10.60113525390625
pitch: 15.150110244750977
name: latinoamerica
lastowner: 3d39bc34-4d98-37c2-8ce1-e874d12cc51d
