world: 75db9244-1c1a-4310-8e4d-c04f5afdaec6
world-name: Earth
x: -1456.510051305368
y: 206.5022526346522
z: -11066.313260055204
yaw: 3.12164306640625
pitch: 37.50019073486328
name: library
lastowner: f0c8c180-7e01-4c4a-9c3e-6cb0511c56ba
