world: 75db9244-1c1a-4310-8e4d-c04f5afdaec6
world-name: Earth
x: -1880.3305606060567
y: 76.0625
z: -9871.17253824204
yaw: -178.96881103515625
pitch: 2.6999740600585938
name: Library
lastowner: f0c8c180-7e01-4c4a-9c3e-6cb0511c56ba
