world: 75db9244-1c1a-4310-8e4d-c04f5afdaec6
world-name: Tierra
x: 29200.180377068307
y: 6.0
z: -8873.108315656455
yaw: 179.7557373046875
pitch: 5.399767875671387
name: Magic
lastowner: f0c8c180-7e01-4c4a-9c3e-6cb0511c56ba
