world: 75db9244-1c1a-4310-8e4d-c04f5afdaec6
world-name: Tierra
x: 2967.3426711790057
y: 63.0
z: -7343.506237310595
yaw: 90.30656433105469
pitch: -0.7500007748603821
name: Malta
lastowner: b892bfc8-47ca-3b72-bd10-1892db3dedc8
