world: 1f984a03-5c37-4d02-8afe-5057165fe5ea
world-name: Mining
x: 0.5
y: 158.0
z: 0.5
yaw: -162.33004760742188
pitch: 13.35089111328125
name: Mining
lastowner: f0c8c180-7e01-4c4a-9c3e-6cb0511c56ba
