world: 75db9244-1c1a-4310-8e4d-c04f5afdaec6
world-name: Tierra
x: -27085.184556469238
y: 72.0
z: -9248.848497535826
yaw: -148.51849365234375
pitch: 10.801200866699219
name: Ooo
lastowner: b892bfc8-47ca-3b72-bd10-1892db3dedc8
