world: 75db9244-1c1a-4310-8e4d-c04f5afdaec6
world-name: Tierra
x: 30991.304538760236
y: 71.0
z: 6976.694312690356
yaw: 168.76605224609375
pitch: -13.05026912689209
name: OperadeSidney
lastowner: f0c8c180-7e01-4c4a-9c3e-6cb0511c56ba
