world: 75db9244-1c1a-4310-8e4d-c04f5afdaec6
world-name: Tierra
x: 29645.712826148054
y: 6.0
z: -9182.26456404719
yaw: -58.610008239746094
pitch: 2.6999216079711914
name: Planets
lastowner: f0c8c180-7e01-4c4a-9c3e-6cb0511c56ba
