world: 75db9244-1c1a-4310-8e4d-c04f5afdaec6
world-name: Tierra
x: 29419.313970263527
y: 6.0
z: -8864.08581989083
yaw: 179.5882110595703
pitch: -1.8001960515975952
name: PVP
lastowner: f0c8c180-7e01-4c4a-9c3e-6cb0511c56ba
