world: 75db9244-1c1a-4310-8e4d-c04f5afdaec6
world-name: Tierra
x: 28968.74186746128
y: 70.0
z: -7868.330511368307
yaw: 136.33367919921875
pitch: 8.099992752075195
name: Raimon
lastowner: f0c8c180-7e01-4c4a-9c3e-6cb0511c56ba
