world: 75db9244-1c1a-4310-8e4d-c04f5afdaec6
world-name: Tierra
x: -1184.0595679235792
y: 65.0
z: -7653.559094006404
yaw: 2.958829879760742
pitch: 15.899848937988281
name: Seville
lastowner: f0c8c180-7e01-4c4a-9c3e-6cb0511c56ba
