world: 75db9244-1c1a-4310-8e4d-c04f5afdaec6
world-name: Tierra
x: -15150.731614890348
y: 63.0
z: -8369.363536857889
yaw: -0.315185546875
pitch: -46.80081558227539
name: StatueOfLiberty
lastowner: f0c8c180-7e01-4c4a-9c3e-6cb0511c56ba
