world: 75db9244-1c1a-4310-8e4d-c04f5afdaec6
world-name: Tierra
x: 29208.142131043336
y: 206.0
z: -8894.697403828586
yaw: -0.4101351499557495
pitch: -4.800144195556641
name: Templo
lastowner: f0c8c180-7e01-4c4a-9c3e-6cb0511c56ba
