world: 75db9244-1c1a-4310-8e4d-c04f5afdaec6
world-name: Earth
x: -6589.015040337399
y: 102.0
z: -13826.553782332658
yaw: -90.50531005859375
pitch: 4.947996616363525
name: Terminus
lastowner: f0c8c180-7e01-4c4a-9c3e-6cb0511c56ba
