world: 75db9244-1c1a-4310-8e4d-c04f5afdaec6
world-name: Earth
x: 29556.790531943458
y: 6.0
z: -8666.835069477098
yaw: 96.94061279296875
pitch: -15.749699592590332
name: Vehicles
lastowner: f0c8c180-7e01-4c4a-9c3e-6cb0511c56ba
